118.02
0.0107904 0.096787	-2.58265e-05
-0.986791 -0.362189	0.415688
-0.748257 0.912462	-0.268254
0 0	0
118.12
0.0107904 0.096787	-2.58265e-05
-0.996168 -0.366285	0.413844
-0.748257 0.912462	-0.268254
0 0	0
118.22
0.0107904 0.096787	-2.58265e-05
-1.00772 -0.371327	0.407083
-0.773929 0.925786	-0.163812
0 0	0
118.32
0.0107904 0.096787	-2.58265e-05
-1.01538 -0.374702	0.393836
-0.777066 0.921435	-0.0633366
0.930817 -0.55045	3.08051
118.42
0.0107904 0.096787	-2.58265e-05
-1.01839 -0.37596	0.380681
-0.78191 0.943373	0.00949627
0.926649 -0.553865	3.06011
118.52
0.0107904 0.096787	-2.58265e-05
-1.01839 -0.37596	0.380681
-0.78191 0.943373	0.00949627
0.907257 -0.539449	3.12918
118.62
0.0107904 0.096787	-2.58265e-05
-1.00822 -0.371827	0.377837
-0.749146 0.92758	0.135345
0.907257 -0.539449	3.12918
118.72
0.0107904 0.096787	-2.58265e-05
-0.999008 -0.368516	0.382673
-0.731726 0.933952	0.231928
0.950712 -0.554661	2.95059
118.821
0.0107904 0.096787	-2.58265e-05
-0.984119 -0.362963	0.374694
-0.713671 0.933555	0.277076
0.965928 -0.554958	-2.97679
118.92
0.0107904 0.096787	-2.58265e-05
-0.979733 -0.36063	0.373871
-0.701151 0.946213	0.223169
0.965928 -0.554958	-2.97679
119.02
0.0107904 0.096787	-2.58265e-05
-0.972187 -0.35777	0.403039
-0.698827 0.940096	0.142968
0.983121 -0.551575	-2.88925
119.12
0.0107904 0.096787	-2.58265e-05
-0.972187 -0.35777	0.403039
-0.698827 0.940096	0.142968
0.970048 -0.547942	3.05379
119.221
0.0107904 0.096787	-2.58265e-05
-0.969148 -0.355169	0.501895
-0.709849 0.931045	0.0529299
0.958148 -0.552606	-3.00723
119.32
0.0107904 0.096787	-2.58265e-05
-0.965332 -0.35294	0.633547
-0.723144 0.928152	-0.0423467
0.950016 -0.55716	-3.04666
119.42
0.0107904 0.096787	-2.58265e-05
-0.965332 -0.35294	0.633547
-0.723144 0.928152	-0.0423467
0.92636 -0.556573	2.97035
119.52
0.0107904 0.096787	-2.58265e-05
-0.959228 -0.348711	0.842414
-0.748124 0.935808	-0.0975411
0.909149 -0.559952	-3.11844
119.621
0.0107904 0.096787	-2.58265e-05
-0.962484 -0.348918	0.96291
-0.767479 0.938168	-0.235404
0.909149 -0.559952	-3.11844
119.72
0.0107904 0.096787	-2.58265e-05
-0.962484 -0.348918	0.96291
-0.783653 0.950367	-0.101304
0.925259 -0.575372	2.94802
119.82
0.0107904 0.096787	-2.58265e-05
-0.972917 -0.352057	1.09849
-0.767952 0.943631	0.137941
0.905113 -0.55742	-3.06089
119.921
0.0107904 0.096787	-2.58265e-05
-0.967423 -0.349247	0.962085
-0.754293 0.953755	0.236924
0.921744 -0.555639	-2.95118
120.02
0.0107904 0.096787	-2.58265e-05
-0.967423 -0.349247	0.962085
-0.754293 0.953755	0.236924
0.946759 -0.555513	-2.96895
120.12
0.0107904 0.096787	-2.58265e-05
-0.970328 -0.349147	1.07659
-0.729998 0.951816	0.245053
0.960527 -0.547899	2.92831
120.22
0.0107904 0.096787	-2.58265e-05
-0.961257 -0.345648	1.42475
-0.712054 0.956205	0.172167
0.960527 -0.547899	2.92831
120.32
0.0107904 0.096787	-2.58265e-05
-0.972715 -0.350537	1.54045
-0.696778 0.955438	0.104313
0.959634 -0.538168	3.13875
120.42
0.0107904 0.096787	-2.58265e-05
-0.964713 -0.346414	1.63687
-0.692741 0.942095	0.0391734
0.965393 -0.542363	2.85097
120.52
0.0107904 0.096787	-2.58265e-05
-0.966615 -0.346926	1.75869
-0.733373 0.971737	-0.0655981
0.962474 -0.550804	-3.12011
120.62
0.0107904 0.096787	-2.58265e-05
-0.966615 -0.346926	1.75869
-0.733373 0.971737	-0.0655981
0.937696 -0.550733	-2.98436
120.721
0.0107904 0.096787	-2.58265e-05
-0.964932 -0.346786	1.86834
-0.744103 0.96192	-0.116895
0.937696 -0.550733	-2.98436
120.821
0.0107904 0.096787	-2.58265e-05
-0.969419 -0.345924	1.95669
-0.75257 0.95625	-0.0784012
0.927838 -0.557555	-2.90583
120.92
0.0107904 0.096787	-2.58265e-05
-0.976399 -0.342028	1.99581
-0.75257 0.95625	-0.0784012
0.901197 -0.558619	-2.85131
121.02
0.0107904 0.096787	-2.58265e-05
-0.980948 -0.332795	1.99563
-0.784093 0.960375	0.143461
0.881275 -0.5595	-2.89981
121.12
0.0107904 0.096787	-2.58265e-05
-0.976972 -0.327721	1.90933
-0.784093 0.960375	0.143461
0.881275 -0.5595	-2.89981
121.22
0.0107904 0.096787	-2.58265e-05
-0.976972 -0.327721	1.90933
-0.774342 0.967423	0.240703
0.890369 -0.55706	-2.97863
121.322
0.0107904 0.096787	-2.58265e-05
-0.978302 -0.327759	1.72401
-0.75479 0.963332	0.275296
0.913885 -0.558311	3.0034
121.42
0.0107904 0.096787	-2.58265e-05
-0.983238 -0.328817	1.70904
-0.742437 0.975773	0.211559
0.946649 -0.559173	-3.01412
121.52
0.0107904 0.096787	-2.58265e-05
-0.983238 -0.328817	1.70904
-0.742437 0.975773	0.211559
0.972783 -0.555637	-2.98922
121.62
0.0107904 0.096787	-2.58265e-05
-0.95565 -0.319757	1.56467
-0.725167 0.980905	0.119975
0.972783 -0.555637	-2.98922
121.72
0.0107904 0.096787	-2.58265e-05
-0.976737 -0.326786	1.45352
-0.714335 0.990806	-0.137439
0.994158 -0.552763	-2.91972
121.82
0.0107904 0.096787	-2.58265e-05
-0.976581 -0.329047	1.08001
-0.703114 0.969894	-0.0116919
0.997903 -0.548669	-2.80195
121.92
0.0107904 0.096787	-2.58265e-05
-0.976753 -0.331699	1.19058
-0.725488 0.975247	-0.0291671
0.996157 -0.542908	-2.6761
122.02
0.0107904 0.096787	-2.58265e-05
-0.981925 -0.339318	1.00547
-0.725488 0.975247	-0.0291671
0.996553 -0.544543	-2.78966
122.12
0.0107904 0.096787	-2.58265e-05
-0.981925 -0.339318	1.00547
-0.760322 0.995759	0.0144224
0.996553 -0.544543	-2.78966
122.22
0.0107904 0.096787	-2.58265e-05
-0.98537 -0.344379	0.830813
-0.76607 0.977537	0.109109
1.00013 -0.5517	-2.9789
122.32
0.0107904 0.096787	-2.58265e-05
-0.977123 -0.343429	0.685823
-0.781305 0.978407	0.185056
0.98926 -0.552451	-3.12789
122.42
0.0107904 0.096787	-2.58265e-05
-0.979468 -0.345009	0.586971
-0.79183 0.97471	0.257346
0.965507 -0.547624	3.07712
122.52
0.0107904 0.096787	-2.58265e-05
-0.987942 -0.349154	0.520865
-0.79183 0.97471	0.257346
0.943152 -0.546005	3.04266
122.62
0.0107904 0.096787	-2.58265e-05
-0.987942 -0.349154	0.520865
-0.782704 0.97892	0.20143
0.943152 -0.546005	3.04266
122.72
0.0107904 0.096787	-2.58265e-05
-0.993548 -0.353655	0.599026
-0.762305 0.977216	0.104285
0.908698 -0.537672	2.81214
122.82
0.0107904 0.096787	-2.58265e-05
-1.00481 -0.360059	0.71901
-0.73887 0.965367	0.0287201
0.894805 -0.53958	3.03537
122.92
0.0107904 0.096787	-2.58265e-05
-1.01957 -0.367904	0.846139
-0.743647 0.995995	-0.166366
0.869292 -0.537496	3.02915
123.02
0.0107904 0.096787	-2.58265e-05
-1.01957 -0.367904	0.846139
-0.743647 0.995995	-0.166366
0.838481 -0.532015	2.84624
123.12
0.0107904 0.096787	-2.58265e-05
-1.0238 -0.371458	1.02559
-0.714972 0.980375	-0.151787
0.838481 -0.532015	2.84624
123.22
0.0107904 0.096787	-2.58265e-05
-1.02084 -0.370924	1.06231
-0.688741 0.96768	-0.22289
0.812547 -0.529955	3.04366
123.32
0.0107904 0.096787	-2.58265e-05
-1.01627 -0.367812	1.00043
-0.672978 0.962758	-0.278745
0.795441 -0.530056	3.03864
123.421
0.0107904 0.096787	-2.58265e-05
-1.01957 -0.367904	0.846139
-0.656535 0.958913	-0.36762
0.762302 -0.522726	3.03784
123.52
0.0107904 0.096787	-2.58265e-05
-1.01096 -0.36327	0.626646
-0.637413 0.949399	-0.436573
0.762302 -0.522726	3.03784
123.62
0.0107904 0.096787	-2.58265e-05
-1.01096 -0.36327	0.626646
-0.637413 0.949399	-0.436573
0.720439 -0.525296	3.03945
123.72
0.0107904 0.096787	-2.58265e-05
-1.0028 -0.359518	0.440008
-0.615115 0.934115	-0.500415
0.720439 -0.525296	3.03945
123.82
0.0107904 0.096787	-2.58265e-05
-0.991769 -0.356183	0.304658
-0.604277 0.930515	-0.539142
0.689774 -0.516545	3.04924
123.92
0.0107904 0.096787	-2.58265e-05
-0.975411 -0.352117	0.225722
-0.604277 0.930515	-0.539142
0.673354 -0.521719	3.04734
124.02
0.0107904 0.096787	-2.58265e-05
-0.975411 -0.352117	0.225722
-0.578627 0.907589	-0.601552
0.62595 -0.503033	3.04799
124.12
0.0107904 0.096787	-2.58265e-05
-0.927246 -0.345511	0.224827
-0.562525 0.896387	-0.662373
0.62595 -0.503033	3.04799
124.22
0.0107904 0.096787	-2.58265e-05
-0.927246 -0.345511	0.224827
-0.542608 0.878315	-0.710113
0.617074 -0.515132	3.0484
124.32
0.0107904 0.096787	-2.58265e-05
-0.905228 -0.34282	0.23328
-0.529399 0.865847	-0.751312
0.582289 -0.500552	3.04865
124.421
0.0107904 0.096787	-2.58265e-05
-0.878301 -0.340079	0.122547
-0.529399 0.865847	-0.751312
0.571968 -0.511752	2.91893
124.52
0.0107904 0.096787	-2.58265e-05
-0.878301 -0.340079	0.122547
-0.497408 0.832826	-0.828637
0.53553 -0.500272	3.03619
124.621
0.0107904 0.096787	-2.58265e-05
-0.848326 -0.335921	0.215762
-0.497408 0.832826	-0.828637
0.53553 -0.500272	3.03619
124.722
0.0107904 0.096787	-2.58265e-05
-0.82186 -0.333317	0.149481
-0.48238 0.815151	-0.877885
0.50219 -0.491294	3.04541
124.82
0.0107904 0.096787	-2.58265e-05
-0.795211 -0.330065	0.14904
-0.474585 0.806766	-0.899094
0.491944 -0.498594	3.03472
124.92
0.0107904 0.096787	-2.58265e-05
-0.776508 -0.327578	0.150651
-0.456707 0.782471	-0.91973
0.459373 -0.48882	2.89982
125.02
0.0107904 0.096787	-2.58265e-05
-0.746309 -0.322487	0.157413
-0.456707 0.782471	-0.91973
0.459373 -0.48882	2.89982
125.12
0.0107904 0.096787	-2.58265e-05
-0.746309 -0.322487	0.157413
-0.444684 0.766091	-0.95651
0.435221 -0.489692	2.91842
125.22
0.0107904 0.096787	-2.58265e-05
-0.716635 -0.317208	0.165858
-0.431021 0.745492	-0.980407
0.410565 -0.489913	2.92977
125.32
0.0107904 0.096787	-2.58265e-05
-0.687211 -0.312369	0.169797
-0.420779 0.7285	-1.00414
0.384456 -0.481072	3.02332
125.42
0.0107904 0.096787	-2.58265e-05
-0.669821 -0.309845	0.162022
-0.408755 0.708902	-1.01944
0.360812 -0.48224	2.92376
125.52
0.0107904 0.096787	-2.58265e-05
-0.644209 -0.306416	0.157409
-0.408755 0.708902	-1.01944
0.334503 -0.478229	3.01465
125.62
0.0107904 0.096787	-2.58265e-05
-0.613347 -0.30074	0.150456
-0.397176 0.688934	-1.04428
0.334503 -0.478229	3.01465
125.72
0.0107904 0.096787	-2.58265e-05
-0.613347 -0.30074	0.150456
-0.384646 0.666499	-1.06141
0.309364 -0.477591	2.91975
125.82
0.0107904 0.096787	-2.58265e-05
-0.588343 -0.297085	0.135114
-0.373827 0.647031	-1.07313
0.289057 -0.474893	3.00887
125.92
0.0107904 0.096787	-2.58265e-05
-0.569963 -0.294254	0.19068
-0.362849 0.6257	-1.08741
0.289057 -0.474893	3.00887
126.02
0.0107904 0.096787	-2.58265e-05
-0.569963 -0.294254	0.19068
-0.362849 0.6257	-1.08741
0.260156 -0.467093	2.98943
126.12
0.0107904 0.096787	-2.58265e-05
-0.546148 -0.291585	0.120307
-0.353403 0.6065	-1.11307
0.236088 -0.465961	2.88948
126.22
0.0107904 0.096787	-2.58265e-05
-0.527551 -0.290104	0.111598
-0.341056 0.581474	-1.12073
0.213612 -0.464904	2.87538
126.321
0.0107904 0.096787	-2.58265e-05
-0.508363 -0.288236	0.145809
-0.332521 0.561836	-1.149
0.192474 -0.453214	2.84254
126.42
0.0107904 0.096787	-2.58265e-05
-0.494355 -0.286864	0.0605716
-0.322792 0.540172	-1.17933
0.16981 -0.45029	2.87173
126.52
0.0107904 0.096787	-2.58265e-05
-0.480011 -0.287378	0.130592
-0.314122 0.516971	-1.20722
0.16981 -0.45029	2.87173
126.62
0.0107904 0.096787	-2.58265e-05
-0.480011 -0.287378	0.130592
-0.314122 0.516971	-1.20722
0.146915 -0.442711	2.77242
126.72
0.0107904 0.096787	-2.58265e-05
-0.466809 -0.286855	0.109502
-0.306482 0.496045	-1.21326
0.126706 -0.435993	2.78569
126.82
0.0107904 0.096787	-2.58265e-05
-0.452097 -0.284808	0.103676
-0.299525 0.476417	-1.23334
0.11228 -0.430039	2.69806
126.92
0.0107904 0.096787	-2.58265e-05
-0.441059 -0.281975	-0.0165453
-0.292437 0.454453	-1.23472
0.0956329 -0.422765	2.70694
127.02
0.0107904 0.096787	-2.58265e-05
-0.441059 -0.281975	-0.0165453
-0.286006 0.43189	-1.31347
0.080227 -0.41442	2.6131
127.12
0.0107904 0.096787	-2.58265e-05
-0.433469 -0.282756	-0.00767502
-0.280949 0.408737	-1.35108
0.080227 -0.41442	2.6131
127.22
0.0107904 0.096787	-2.58265e-05
-0.418725 -0.278931	0.129256
-0.280949 0.408737	-1.35108
0.0675676 -0.403093	2.54673
127.32
0.0107904 0.096787	-2.58265e-05
-0.423319 -0.286511	-0.0463187
-0.278206 0.393349	-1.39139
0.0590683 -0.395635	2.50438
127.421
0.0107904 0.096787	-2.58265e-05
-0.415115 -0.284185	-0.0405051
-0.27379 0.370192	-1.41923
0.0490834 -0.389206	2.45903
127.52
0.0107904 0.096787	-2.58265e-05
-0.411013 -0.284791	-0.157849
-0.270837 0.346675	-1.4627
0.0411535 -0.38243	2.41152
127.62
0.0107904 0.096787	-2.58265e-05
-0.411013 -0.284791	-0.157849
-0.270837 0.346675	-1.4627
0.0411535 -0.38243	2.41152
127.72
0.0107904 0.096787	-2.58265e-05
-0.410103 -0.287043	-0.172574
-0.27862 0.337117	-1.4947
0.0363369 -0.387414	2.39343
127.82
0.0107904 0.096787	-2.58265e-05
-0.408318 -0.28772	-0.174807
-0.266865 0.308138	-1.54662
0.0309215 -0.37437	2.39803
127.921
0.0107904 0.096787	-2.58265e-05
-0.406759 -0.287339	-0.107433
-0.266885 0.283672	-1.55846
0.0250762 -0.360329	2.33506
128.02
0.0107904 0.096787	-2.58265e-05
-0.403196 -0.286232	-0.193195
-0.273636 0.266314	-1.64236
0.0250762 -0.360329	2.33506
128.121
0.0107904 0.096787	-2.58265e-05
-0.403196 -0.286232	-0.193195
-0.273636 0.266314	-1.64236
0.0222394 -0.360418	2.21975
128.22
0.0107904 0.096787	-2.58265e-05
-0.403192 -0.28712	-0.193693
-0.27597 0.245622	-1.67776
0.0194048 -0.353504	2.15641
128.32
0.0107904 0.096787	-2.58265e-05
-0.404818 -0.289193	-0.128768
-0.277836 0.232583	-1.75478
0.0174157 -0.352262	2.14964
128.42
0.0107904 0.096787	-2.58265e-05
-0.401202 -0.287606	-0.198285
-0.280867 0.216074	-1.83583
0.0147415 -0.347422	2.1806
128.52
0.0107904 0.096787	-2.58265e-05
-0.401202 -0.287606	-0.198285
-0.280867 0.216074	-1.83583
0.0127311 -0.342725	2.18164
128.62
0.0107904 0.096787	-2.58265e-05
-0.399358 -0.287795	-0.140363
-0.289761 0.189724	-1.90787
0.0127311 -0.342725	2.18164
128.72
0.0107904 0.096787	-2.58265e-05
-0.399358 -0.287795	-0.140363
-0.289761 0.189724	-1.90787
0.0109541 -0.342821	2.12947
128.82
0.0107904 0.096787	-2.58265e-05
-0.399489 -0.288666	-0.216727
-0.289761 0.189724	-1.90787
0.00935095 -0.342091	2.16139
128.92
0.0107904 0.096787	-2.58265e-05
-0.398547 -0.288819	-0.216083
-0.297638 0.170659	-2.0316
0.00935095 -0.342091	2.16139
129.02
0.0107904 0.096787	-2.58265e-05
-0.398547 -0.288819	-0.216083
-0.297638 0.170659	-2.0316
0.00807449 -0.339295	2.12167
129.121
0.0107904 0.096787	-2.58265e-05
-0.394657 -0.286453	-0.220116
-0.303266 0.161079	-2.07183
0.00696518 -0.334914	2.13088
129.22
0.0107904 0.096787	-2.58265e-05
-0.396771 -0.28836	-0.162938
-0.307893 0.152849	-2.12314
0.00596973 -0.332473	2.11809
129.32
0.0107904 0.096787	-2.58265e-05
-0.396514 -0.289176	-0.237664
-0.311705 0.146148	-2.1428
0.00478043 -0.328809	2.10953
129.42
0.0107904 0.096787	-2.58265e-05
-0.397579 -0.290532	-0.250854
-0.317006 0.138863	-2.18985
0.00393001 -0.331384	2.07169
129.52
0.0107904 0.096787	-2.58265e-05
-0.393856 -0.288571	-0.187101
-0.3232 0.131925	-2.25058
0.00393001 -0.331384	2.07169
129.62
0.0107904 0.096787	-2.58265e-05
-0.393856 -0.288571	-0.187101
-0.3232 0.131925	-2.25058
0.0030916 -0.328119	2.05967
129.72
0.0107904 0.096787	-2.58265e-05
-0.394944 -0.289762	-0.255254
-0.326659 0.126231	-2.31432
0.00207847 -0.327329	2.0666
129.82
0.0107904 0.096787	-2.58265e-05
-0.392 -0.288123	-0.173414
-0.330208 0.122695	-2.34366
0.00167785 -0.326289	2.08499
129.92
0.0107904 0.096787	-2.58265e-05
-0.393389 -0.289604	-0.239413
-0.331681 0.117742	-2.4255
0.000878382 -0.324176	2.07063
130.02
0.0107904 0.096787	-2.58265e-05
-0.391083 -0.288423	-0.171647
-0.331681 0.117742	-2.4255
0.000313367 -0.322693	2.03333
130.12
0.0107904 0.096787	-2.58265e-05
-0.393793 -0.29127	-0.253625
-0.342506 0.113259	-2.52007
0.000313367 -0.322693	2.03333
130.22
0.0107904 0.096787	-2.58265e-05
-0.393793 -0.29127	-0.253625
-0.342506 0.113259	-2.52007
-8.67526e-05 -0.316938	2.03862
130.32
0.0107904 0.096787	-2.58265e-05
-0.392606 -0.291171	-0.266234
-0.345679 0.111159	-2.55762
0.000327088 -0.32257	2.01359
130.421
0.0107904 0.096787	-2.58265e-05
-0.391633 -0.290477	-0.260391
-0.35329 0.109996	-2.62419
-0.000643149 -0.320566	1.99694
130.52
0.0107904 0.096787	-2.58265e-05
-0.391633 -0.290477	-0.260391
-0.35329 0.109996	-2.62419
-0.00120142 -0.318762	2.00643
130.62
0.0107904 0.096787	-2.58265e-05
-0.390731 -0.290776	-0.266199
-0.355501 0.108434	-2.64035
-0.00120142 -0.318762	2.00643
130.72
0.0107904 0.096787	-2.58265e-05
-0.390731 -0.290776	-0.266199
-0.357191 0.106179	-2.62222
-0.00143885 -0.319667	2.00251
130.82
0.0107904 0.096787	-2.58265e-05
-0.389998 -0.290343	-0.190998
-0.361963 0.105575	-2.64067
-0.00153129 -0.318534	1.99118
130.92
0.0107904 0.096787	-2.58265e-05
-0.388829 -0.289848	-0.204495
-0.362916 0.103002	-2.62751
-0.00200031 -0.317019	1.98228
131.02
0.0107904 0.096787	-2.58265e-05
-0.388584 -0.290455	-0.27298
-0.366322 0.102206	-2.641
-0.00233629 -0.315838	1.97817
131.12
0.0107904 0.096787	-2.58265e-05
-0.388584 -0.290455	-0.27298
-0.366322 0.102206	-2.641
-0.00233629 -0.315838	1.97817
131.22
0.0107904 0.096787	-2.58265e-05
-0.388761 -0.291167	-0.287308
-0.368156 0.100639	-2.6276
-0.00231879 -0.314592	1.96659
131.321
0.0107904 0.096787	-2.58265e-05
-0.387545 -0.290535	-0.293466
-0.370209 0.100112	-2.64904
-0.00231125 -0.314007	1.95445
131.42
0.0107904 0.096787	-2.58265e-05
-0.387383 -0.290518	-0.248096
-0.373027 0.0990418	-2.63422
-0.00245769 -0.313216	1.94397
131.52
0.0107904 0.096787	-2.58265e-05
-0.385583 -0.289465	-0.247495
-0.373027 0.0990418	-2.63422
-0.00245769 -0.313216	1.94397
131.62
0.0107904 0.096787	-2.58265e-05
-0.385583 -0.289465	-0.247495
-0.375837 0.0981651	-2.6418
-0.00268761 -0.313282	1.93813
131.72
0.0107904 0.096787	-2.58265e-05
-0.385519 -0.289713	-0.318988
-0.375748 0.0970955	-2.6374
-0.00280793 -0.312493	1.92526
131.82
0.0107904 0.096787	-2.58265e-05
-0.387963 -0.291966	-0.269669
-0.376323 0.0964273	-2.63997
-0.00263247 -0.312433	1.89064
131.92
0.0107904 0.096787	-2.58265e-05
-0.386976 -0.291697	-0.339047
-0.377214 0.0960918	-2.63671
-0.00268799 -0.310517	1.87225
132.02
0.0107904 0.096787	-2.58265e-05
-0.386976 -0.291697	-0.339047
-0.379982 0.0959564	-2.63865
-0.00268799 -0.310517	1.87225
132.12
0.0107904 0.096787	-2.58265e-05
-0.384562 -0.290093	-0.289949
-0.379982 0.0959564	-2.63865
-0.00288191 -0.312621	1.87882
132.22
0.0107904 0.096787	-2.58265e-05
-0.384901 -0.290577	-0.295464
-0.378387 0.095056	-2.64245
-0.00287802 -0.312402	1.87295
132.32
0.0107904 0.096787	-2.58265e-05
-0.38529 -0.290995	-0.293712
-0.379186 0.0947939	-2.6484
-0.00238094 -0.311738	1.85407
132.42
0.0107904 0.096787	-2.58265e-05
-0.384621 -0.290671	-0.355819
-0.376887 0.0937356	-2.65281
-0.0025067 -0.312227	1.8523
132.521
0.0107904 0.096787	-2.58265e-05
-0.384372 -0.291109	-0.374025
-0.376887 0.0937356	-2.65281
-0.0025067 -0.312227	1.8523
132.62
0.0107904 0.096787	-2.58265e-05
-0.384372 -0.291109	-0.374025
-0.379627 0.0938564	-2.64744
-0.00191052 -0.312455	1.83119
132.72
0.0107904 0.096787	-2.58265e-05
-0.385717 -0.292687	-0.389097
-0.377663 0.0928381	-2.6595
-0.00193557 -0.311404	1.81284
132.82
0.0107904 0.096787	-2.58265e-05
-0.385322 -0.292812	-0.401437
-0.377663 0.0928381	-2.6595
-0.00199284 -0.310526	1.80731
132.92
0.0107904 0.096787	-2.58265e-05
-0.385322 -0.292812	-0.401437
-0.379926 0.0930013	-2.69018
-0.00169673 -0.310604	1.79473
133.02
0.0107904 0.096787	-2.58265e-05
-0.383961 -0.292029	-0.365518
-0.383806 0.0933727	-2.66374
-0.00169673 -0.310604	1.79473
133.12
0.0107904 0.096787	-2.58265e-05
-0.383104 -0.291727	-0.363294
-0.38432 0.093367	-2.65913
-0.00184492 -0.31064	1.77287
133.22
0.0107904 0.096787	-2.58265e-05
-0.383104 -0.291727	-0.363294
-0.388457 0.0941639	-2.70026
-0.00175595 -0.310089	1.76828
133.32
0.0107904 0.096787	-2.58265e-05
-0.383771 -0.292247	-0.423528
-0.385112 0.0925666	-2.71102
-0.00186554 -0.308757	1.73679
133.42
0.0107904 0.096787	-2.58265e-05
-0.382312 -0.291301	-0.361969
-0.388437 0.0929038	-2.70418
-0.00164335 -0.307216	1.73664
133.52
0.0107904 0.096787	-2.58265e-05
-0.382312 -0.291301	-0.361969
-0.388437 0.0929038	-2.70418
-0.00164335 -0.307216	1.73664
133.62
0.0107904 0.096787	-2.58265e-05
-0.382994 -0.292548	-0.437919
-0.38727 0.0926992	-2.70619
-0.00152078 -0.307209	1.72671
133.72
0.0107904 0.096787	-2.58265e-05
-0.396179 -0.302646	-0.433618
-0.382369 0.0908503	-2.70117
-0.00144979 -0.308767	1.71873
133.82
0.0107904 0.096787	-2.58265e-05
-0.380193 -0.290821	-0.392834
-0.384541 0.0913019	-2.6941
-0.00144979 -0.308767	1.71873
133.92
0.0107904 0.096787	-2.58265e-05
-0.377935 -0.289458	-0.393209
-0.384649 0.0911913	-2.68515
-0.000898927 -0.309605	1.67512
134.021
0.0107904 0.096787	-2.58265e-05
-0.378057 -0.289899	-0.467818
-0.38762 0.0918842	-2.66968
-0.000853482 -0.30748	1.66312
134.12
0.0107904 0.096787	-2.58265e-05
-0.378057 -0.289899	-0.467818
-0.38762 0.0918842	-2.66968
-0.000853482 -0.30748	1.66312
134.22
0.0107904 0.096787	-2.58265e-05
-0.377921 -0.289923	-0.474924
-0.389526 0.0917453	-2.68222
-0.000650303 -0.306602	1.64605
134.321
0.0107904 0.096787	-2.58265e-05
-0.377921 -0.289923	-0.474924
-0.3873 0.09089	-2.68848
-0.000732678 -0.306176	1.64484
134.42
0.0107904 0.096787	-2.58265e-05
-0.380599 -0.292142	-0.428794
-0.387572 0.0907862	-2.69095
-0.000732678 -0.306176	1.64484
134.52
0.0107904 0.096787	-2.58265e-05
-0.382749 -0.294168	-0.429796
-0.387572 0.0907862	-2.69095
-0.000521978 -0.305722	1.64296
134.62
0.0107904 0.096787	-2.58265e-05
-0.382749 -0.294168	-0.429796
-0.386211 0.0903248	-2.69505
-0.000415909 -0.30471	1.64016
134.72
0.0107904 0.096787	-2.58265e-05
-0.37945 -0.29248	-0.495994
-0.387431 0.0903487	-2.72609
0.000289778 -0.304757	1.60362
134.82
0.0107904 0.096787	-2.58265e-05
-0.380125 -0.293122	-0.456097
-0.38739 0.0902048	-2.73273
0.00145198 -0.304756	1.58502
134.922
0.0107904 0.096787	-2.58265e-05
-0.380926 -0.293868	-0.453126
-0.392681 0.0908504	-2.69798
0.00155286 -0.305096	1.5709
135.021
0.0107904 0.096787	-2.58265e-05
-0.379948 -0.293248	-0.45085
-0.392681 0.0908504	-2.69798
0.00155286 -0.305096	1.5709
135.121
0.0107904 0.096787	-2.58265e-05
-0.379948 -0.293248	-0.45085
-0.39149 0.0905379	-2.71611
0.00155286 -0.305096	1.5709
135.22
0.0107904 0.096787	-2.58265e-05
-0.379532 -0.2932	-0.442109
-0.391404 0.0903294	-2.73945
0.00155286 -0.305096	1.5709
135.32
0.0107904 0.096787	-2.58265e-05
-0.381039 -0.294801	-0.490061
-0.391404 0.0903294	-2.73945
0.00155286 -0.305096	1.5709
135.42
0.0107904 0.096787	-2.58265e-05
-0.380367 -0.294374	-0.437283
-0.392772 0.0906936	-2.7292
0.00155286 -0.305096	1.5709
135.52
0.0107904 0.096787	-2.58265e-05
-0.380367 -0.294374	-0.437283
-0.392221 0.090436	-2.73241
0.00155286 -0.305096	1.5709
135.62
0.0107904 0.096787	-2.58265e-05
-0.380446 -0.294439	-0.437395
-0.391503 0.0904892	-2.74021
0.00155286 -0.305096	1.5709
135.721
0.0107904 0.096787	-2.58265e-05
-0.378901 -0.2934	-0.429701
-0.392484 0.0904005	-2.74255
0.00155286 -0.305096	1.5709
135.82
0.0107904 0.096787	-2.58265e-05
-0.379628 -0.294088	-0.430888
-0.391515 0.0898438	-2.76164
0.00155286 -0.305096	1.5709
135.92
0.0107904 0.096787	-2.58265e-05
-0.379377 -0.294507	-0.494208
-0.391443 0.089831	-2.76235
0.00155286 -0.305096	1.5709
136.02
0.0107904 0.096787	-2.58265e-05
-0.377991 -0.293888	-0.505202
-0.391443 0.089831	-2.76235
0.00137152 -0.304376	1.55861
136.12
0.0107904 0.096787	-2.58265e-05
-0.377991 -0.293888	-0.505202
-0.393481 0.0906489	-2.76211
0.00109774 -0.303696	1.50211
136.22
0.0107904 0.096787	-2.58265e-05
-0.377633 -0.293649	-0.458745
-0.391229 0.0899333	-2.76814
0.00122956 -0.304097	1.49234
136.32
0.0107904 0.096787	-2.58265e-05
-0.376523 -0.293296	-0.520984
-0.391229 0.0899333	-2.76814
0.00125157 -0.302801	1.50243
136.42
0.0107904 0.096787	-2.58265e-05
-0.378187 -0.294783	-0.534337
-0.390473 0.0899365	-2.80576
0.00125157 -0.302801	1.50243
136.52
0.0107904 0.096787	-2.58265e-05
-0.376437 -0.293358	-0.50223
-0.393385 0.0908509	-2.80281
0.00160261 -0.301372	1.4979
136.62
0.0107904 0.096787	-2.58265e-05
-0.376658 -0.293594	-0.508476
-0.393438 0.0905283	-2.80749
0.00184378 -0.301964	1.48456
136.721
0.0107904 0.096787	-2.58265e-05
-0.376658 -0.293594	-0.508476
-0.393438 0.0905283	-2.80749
0.00223174 -0.303082	1.45447
136.82
0.0107904 0.096787	-2.58265e-05
-0.376392 -0.293783	-0.568697
-0.391602 0.09027	-2.8081
0.00243776 -0.302197	1.45656
136.92
0.0107904 0.096787	-2.58265e-05
-0.376507 -0.293654	-0.566049
-0.391602 0.09027	-2.8081
0.00243776 -0.302197	1.45656
137.02
0.0107904 0.096787	-2.58265e-05
-0.376507 -0.293654	-0.566049
-0.390521 0.0898455	-2.80734
0.00295224 -0.302506	1.4197
137.12
0.0107904 0.096787	-2.58265e-05
-0.376392 -0.293783	-0.568697
-0.390286 0.0898601	-2.80623
0.00303477 -0.302055	1.40808
137.22
0.0107904 0.096787	-2.58265e-05
-0.376336 -0.29393	-0.570682
-0.394794 0.0908944	-2.81711
0.00330281 -0.302056	1.40948
137.32
0.0107904 0.096787	-2.58265e-05
-0.376356 -0.294425	-0.536944
-0.396486 0.0908625	-2.81786
0.00344092 -0.302733	1.40112
137.421
0.0107904 0.096787	-2.58265e-05
-0.374754 -0.293304	-0.532712
-0.396486 0.0908625	-2.81786
0.00345301 -0.301114	1.39448
137.52
0.0107904 0.096787	-2.58265e-05
-0.375622 -0.294747	-0.608931
-0.396486 0.0908625	-2.81786
0.00345301 -0.301114	1.39448
137.62
0.0107904 0.096787	-2.58265e-05
-0.375622 -0.294747	-0.608931
-0.396627 0.0901671	-2.8573
0.00336075 -0.300315	1.38615
137.72
0.0107904 0.096787	-2.58265e-05
-0.375782 -0.294795	-0.574499
-0.395717 0.0899077	-2.84414
0.00375967 -0.300703	1.37258
137.82
0.0107904 0.096787	-2.58265e-05
-0.375032 -0.294696	-0.625364
-0.39567 0.0899192	-2.84255
0.00370865 -0.301269	1.372
137.92
0.0107904 0.096787	-2.58265e-05
-0.373692 -0.293775	-0.632786
-0.392972 0.089215	-2.8763
0.00370865 -0.301269	1.372
138.02
0.0107904 0.096787	-2.58265e-05
-0.373427 -0.293837	-0.631366
-0.392972 0.089215	-2.8763
0.00409102 -0.302034	1.34872
138.12
0.0107904 0.096787	-2.58265e-05
-0.373427 -0.293837	-0.631366
-0.39419 0.0893965	-2.86829
0.00422405 -0.301373	1.33517
138.22
0.0107904 0.096787	-2.58265e-05
-0.375044 -0.295513	-0.638963
-0.396249 0.0896775	-2.8559
0.00445546 -0.29979	1.32689
138.321
0.0107904 0.096787	-2.58265e-05
-0.374893 -0.295743	-0.653379
-0.396249 0.0896775	-2.8559
0.00455363 -0.298915	1.32064
138.42
0.0107904 0.096787	-2.58265e-05
-0.376148 -0.296525	-0.637576
-0.396412 0.0894114	-2.83826
0.00455363 -0.298915	1.32064
138.52
0.0107904 0.096787	-2.58265e-05
-0.376148 -0.296525	-0.637576
-0.397652 0.0895786	-2.87255
0.00455845 -0.300027	1.3188
138.62
0.0107904 0.096787	-2.58265e-05
-0.374723 -0.295914	-0.675166
-0.398281 0.0898361	-2.87833
0.00496709 -0.299293	1.30744
138.721
0.0107904 0.096787	-2.58265e-05
-0.374794 -0.295998	-0.675175
-0.398281 0.0898361	-2.87833
0.00506927 -0.301069	1.29354
138.821
0.0107904 0.096787	-2.58265e-05
-0.374647 -0.295829	-0.674825
-0.398307 0.0897783	-2.87845
0.0053606 -0.298761	1.28211
138.921
0.0107904 0.096787	-2.58265e-05
-0.374745 -0.296189	-0.634933
-0.398307 0.0897783	-2.87845
0.0053606 -0.298761	1.28211
139.02
0.0107904 0.096787	-2.58265e-05
-0.374745 -0.296189	-0.634933
-0.398307 0.0897783	-2.87845
0.00552998 -0.29958	1.26916
139.12
0.0107904 0.096787	-2.58265e-05
-0.374707 -0.296239	-0.634708
-0.399505 0.0899444	-2.85856
0.00545655 -0.297582	1.24703
139.22
0.0107904 0.096787	-2.58265e-05
-0.372903 -0.295437	-0.672926
-0.399505 0.0899444	-2.85856
0.00545655 -0.297582	1.24703
139.32
0.0107904 0.096787	-2.58265e-05
-0.373434 -0.296421	-0.691345
-0.400077 0.0899216	-2.8632
0.00622164 -0.29841	1.24581
139.42
0.0107904 0.096787	-2.58265e-05
-0.373646 -0.296925	-0.670468
-0.400077 0.0899216	-2.8632
0.00622164 -0.29841	1.24581
139.52
0.0107904 0.096787	-2.58265e-05
-0.373105 -0.29642	-0.713058
-0.399387 0.0898677	-2.87045
0.00606975 -0.297854	1.24988
139.62
0.0107904 0.096787	-2.58265e-05
-0.373105 -0.29642	-0.713058
-0.399387 0.0898677	-2.87045
0.0064755 -0.297127	1.21636
139.72
0.0107904 0.096787	-2.58265e-05
-0.370837 -0.295124	-0.736001
-0.400342 0.0900468	-2.86971
0.00654371 -0.298219	1.20675
139.82
0.0107904 0.096787	-2.58265e-05
-0.37166 -0.29615	-0.741407
-0.400342 0.0900468	-2.86971
0.00662905 -0.29756	1.20691
139.92
0.0107904 0.096787	-2.58265e-05
-0.37166 -0.29615	-0.741407
-0.401309 0.0900666	-2.89817
0.00681905 -0.29813	1.20453
140.021
0.0107904 0.096787	-2.58265e-05
-0.372889 -0.297336	-0.746931
-0.401309 0.0900666	-2.89817
0.00681905 -0.29813	1.20453
140.122
0.0107904 0.096787	-2.58265e-05
-0.369657 -0.295741	-0.78831
-0.398161 0.0891139	-2.92967
0.00708302 -0.29825	1.2024
140.22
0.0107904 0.096787	-2.58265e-05
-0.369657 -0.295741	-0.78831
-0.398704 0.0892122	-2.92854
0.00708302 -0.29825	1.2024
140.32
0.0107904 0.096787	-2.58265e-05
-0.369657 -0.295741	-0.78831
-0.398704 0.0892122	-2.92854
0.0072561 -0.297986	1.19521
140.42
0.0107904 0.096787	-2.58265e-05
-0.36984 -0.295828	-0.788516
-0.398058 0.0893229	-2.91859
0.00732543 -0.2955	1.18625
140.52
0.0107904 0.096787	-2.58265e-05
-0.36984 -0.295828	-0.788516
-0.398413 0.0893839	-2.91726
0.00755134 -0.296236	1.19719
140.62
0.0107904 0.096787	-2.58265e-05
-0.370489 -0.2964	-0.794875
-0.399994 0.0892857	-2.91321
0.00764835 -0.29651	1.19882
140.72
0.0107904 0.096787	-2.58265e-05
-0.370322 -0.296227	-0.780227
-0.399994 0.0892857	-2.91321
0.00771441 -0.296472	1.20031
140.82
0.0107904 0.096787	-2.58265e-05
-0.369893 -0.296181	-0.785672
-0.401962 0.0896411	-2.93328
0.00798641 -0.296615	1.17801
140.92
0.0107904 0.096787	-2.58265e-05
-0.371437 -0.297672	-0.795909
-0.402432 0.0897819	-2.9319
0.00813599 -0.296973	1.16571
141.02
0.0107904 0.096787	-2.58265e-05
-0.371212 -0.298186	-0.820753
-0.402432 0.0897819	-2.9319
0.00813599 -0.296973	1.16571
141.121
0.0107904 0.096787	-2.58265e-05
-0.371212 -0.298186	-0.820753
-0.401553 0.0894227	-2.9517
0.00833344 -0.29607	1.14292
141.22
0.0107904 0.096787	-2.58265e-05
-0.370398 -0.297997	-0.837948
-0.401553 0.0894227	-2.9517
0.00842051 -0.295697	1.14888
141.32
0.0107904 0.096787	-2.58265e-05
-0.370031 -0.297966	-0.839433
-0.400081 0.0889689	-2.94752
0.00834124 -0.294853	1.15454
141.42
0.0107904 0.096787	-2.58265e-05
-0.36991 -0.297861	-0.840066
-0.400081 0.0889689	-2.94752
0.00834124 -0.294853	1.15454
141.52
0.0107904 0.096787	-2.58265e-05
-0.370101 -0.298324	-0.84781
-0.400081 0.0889689	-2.94752
0.00860792 -0.294991	1.14144
141.62
0.0107904 0.096787	-2.58265e-05
-0.370101 -0.298324	-0.84781
-0.400081 0.0889689	-2.94752
0.0091688 -0.293622	1.09996
141.72
0.0107904 0.096787	-2.58265e-05
-0.371431 -0.2999	-0.858141
-0.402135 0.0892541	-2.95956
0.0091688 -0.293622	1.09996
141.822
0.0107904 0.096787	-2.58265e-05
-0.37096 -0.300048	-0.87828
-0.403792 0.0900833	-2.98395
0.00913659 -0.294972	1.0959
141.921
0.0107904 0.096787	-2.58265e-05
-0.370789 -0.300102	-0.885242
-0.403792 0.0900833	-2.98395
0.00913659 -0.294972	1.0959
142.02
0.0107904 0.096787	-2.58265e-05
-0.371715 -0.30124	-0.893128
-0.403746 0.0899397	-2.98597
0.00943952 -0.295763	1.07708
142.121
0.0107904 0.096787	-2.58265e-05
-0.371715 -0.30124	-0.893128
-0.404065 0.0901698	-2.98651
0.00965885 -0.294898	1.08208
142.22
0.0107904 0.096787	-2.58265e-05
-0.371715 -0.30124	-0.893128
-0.403913 0.0901825	-2.9851
0.00980022 -0.295252	1.06072
142.32
0.0107904 0.096787	-2.58265e-05
-0.370466 -0.300414	-0.897277
-0.403913 0.0901825	-2.9851
0.00980022 -0.295252	1.06072
142.42
0.0107904 0.096787	-2.58265e-05
-0.371405 -0.301292	-0.903558
-0.403302 0.0897492	-2.99357
0.00980022 -0.295252	1.06072
142.52
0.0107904 0.096787	-2.58265e-05
-0.371405 -0.301292	-0.903558
-0.403444 0.089754	-2.99377
0.00980022 -0.295252	1.06072
142.62
0.0107904 0.096787	-2.58265e-05
-0.371405 -0.301292	-0.903558
-0.405466 0.0904191	-2.99541
0.0100719 -0.295456	1.05339
142.72
0.0107904 0.096787	-2.58265e-05
-0.371188 -0.30163	-0.914394
-0.404748 0.0900868	-2.99905
0.010422 -0.292092	1.07824
142.82
0.0107904 0.096787	-2.58265e-05
-0.371317 -0.301481	-0.935813
-0.405233 0.0899954	-3.02025
0.0105957 -0.293922	1.029
142.92
0.0107904 0.096787	-2.58265e-05
-0.372171 -0.302253	-0.935778
-0.405233 0.0899954	-3.02025
0.0105957 -0.293922	1.029
143.02
0.0107904 0.096787	-2.58265e-05
-0.372171 -0.302253	-0.935778
-0.404508 0.0899598	-3.03001
0.0107356 -0.293955	1.02634
143.12
0.0107904 0.096787	-2.58265e-05
-0.370904 -0.301635	-0.950757
-0.404508 0.0899598	-3.03001
0.0108598 -0.292845	1.05322
143.221
0.0107904 0.096787	-2.58265e-05
-0.370974 -0.301591	-0.972804
-0.404508 0.0899598	-3.03001
0.0111002 -0.292099	1.04925
143.322
0.0107904 0.096787	-2.58265e-05
-0.371295 -0.302182	-0.967518
-0.404501 0.0899527	-3.03749
0.0110369 -0.292939	1.04567
143.42
0.0107904 0.096787	-2.58265e-05
-0.371295 -0.302182	-0.967518
-0.404819 0.0900901	-3.04397
0.0111062 -0.291577	1.03801
143.52
0.0107904 0.096787	-2.58265e-05
-0.371604 -0.302819	-0.985915
-0.405061 0.0901146	-3.04313
0.0111062 -0.291577	1.03801
143.62
0.0107904 0.096787	-2.58265e-05
-0.370554 -0.302264	-0.9793
-0.405309 0.090283	-3.06046
0.0116821 -0.291974	1.00453
143.72
0.0107904 0.096787	-2.58265e-05
-0.370554 -0.302264	-0.9793
-0.406453 0.0903187	-3.0767
0.0116639 -0.291887	1.02552
143.82
0.0107904 0.096787	-2.58265e-05
-0.370229 -0.302444	-1.01507
-0.406453 0.0903187	-3.0767
0.0118148 -0.289275	0.984776
143.92
0.0107904 0.096787	-2.58265e-05
-0.371951 -0.303702	-1.00414
-0.407941 0.0907854	-3.09672
0.0118618 -0.289703	0.973229
144.021
0.0107904 0.096787	-2.58265e-05
-0.371944 -0.303763	-1.04661
-0.4071 0.0904562	-3.10322
0.0118618 -0.289703	0.973229
144.12
0.0107904 0.096787	-2.58265e-05
-0.371944 -0.303763	-1.04661
-0.404452 0.0896856	-3.11019
0.0120124 -0.291044	0.970738
144.221
0.0107904 0.096787	-2.58265e-05
-0.372279 -0.304078	-1.03273
-0.400874 0.0892911	-3.10891
0.0124033 -0.290608	0.972928
144.32
0.0107904 0.096787	-2.58265e-05
-0.372851 -0.304665	-1.06235
-0.400845 0.0892728	-3.10967
0.0127883 -0.290837	0.988724
144.42
0.0107904 0.096787	-2.58265e-05
-0.372983 -0.304817	-1.06165
-0.400845 0.0892728	-3.10967
0.0127883 -0.290837	0.988724
144.52
0.0107904 0.096787	-2.58265e-05
-0.372983 -0.304817	-1.06165
-0.402067 0.0895178	3.14036
0.0130021 -0.290632	0.955652
144.62
0.0107904 0.096787	-2.58265e-05
-0.373349 -0.305201	-1.06532
-0.395664 0.088388	-3.12046
0.0130021 -0.290632	0.955652
144.72
0.0107904 0.096787	-2.58265e-05
-0.372028 -0.304443	-1.04928
-0.395664 0.088388	-3.12046
0.0130021 -0.290632	0.955652
144.82
0.0107904 0.096787	-2.58265e-05
-0.372505 -0.304761	-1.04935
-0.402837 0.089687	3.1076
0.0132116 -0.290937	0.955932
144.92
0.0107904 0.096787	-2.58265e-05
-0.386419 -0.31661	-1.07475
-0.402837 0.089687	3.1076
0.0132116 -0.290937	0.955932
145.02
0.0107904 0.096787	-2.58265e-05
-0.371972 -0.3053	-1.09816
-0.405459 0.0903556	3.08559
0.0133804 -0.290429	0.976124
145.12
0.0107904 0.096787	-2.58265e-05
-0.371925 -0.305844	-1.07763
-0.409976 0.0914811	3.08606
0.0137166 -0.290127	0.972904
145.22
0.0107904 0.096787	-2.58265e-05
-0.371925 -0.305844	-1.07763
-0.410864 0.0917607	3.09417
0.0139684 -0.289413	0.927292
145.32
0.0107904 0.096787	-2.58265e-05
-0.37319 -0.30734	-1.12093
-0.410864 0.0917607	3.09417
0.0139397 -0.290466	0.937589
145.42
0.0107904 0.096787	-2.58265e-05
-0.372317 -0.306772	-1.12173
-0.410599 0.0916812	3.10041
0.0139397 -0.290466	0.937589
145.521
0.0107904 0.096787	-2.58265e-05
-0.370651 -0.305736	-1.10575
-0.410711 0.0916891	3.09978
0.0141414 -0.289176	0.912159
145.62
0.0107904 0.096787	-2.58265e-05
-0.370651 -0.305736	-1.10575
-0.408843 0.0911205	3.11603
0.0144084 -0.290319	0.892399
145.721
0.0107904 0.096787	-2.58265e-05
-0.371421 -0.306606	-1.14495
-0.407434 0.0906441	3.12555
0.0146379 -0.291066	0.885867
145.82
0.0107904 0.096787	-2.58265e-05
-0.372048 -0.307246	-1.15081
-0.407434 0.0906441	3.12555
0.0146431 -0.29078	0.882702
145.92
0.0107904 0.096787	-2.58265e-05
-0.372662 -0.307881	-1.15486
-0.407132 0.0905626	3.12781
0.0146431 -0.29078	0.882702
146.02
0.0107904 0.096787	-2.58265e-05
-0.372179 -0.307762	-1.16523
-0.409431 0.0913237	3.11235
0.0148745 -0.290773	0.87776
146.12
0.0107904 0.096787	-2.58265e-05
-0.372179 -0.307762	-1.16523
-0.412676 0.0918802	3.07059
0.0149804 -0.290908	0.876215
146.22
0.0107904 0.096787	-2.58265e-05
-0.372134 -0.308067	-1.17249
-0.413588 0.0920742	3.06952
0.0149804 -0.290908	0.876215
146.32
0.0107904 0.096787	-2.58265e-05
-0.372121 -0.308112	-1.17686
-0.41265 0.0922208	3.06419
0.0149804 -0.290908	0.876215
146.42
0.0107904 0.096787	-2.58265e-05
-0.372121 -0.308112	-1.17686
-0.41265 0.0922208	3.06419
0.0150469 -0.289241	0.899437
146.52
0.0107904 0.096787	-2.58265e-05
-0.371614 -0.308222	-1.18784
-0.41255 0.0922084	3.06655
0.0153175 -0.288468	0.871907
146.62
0.0107904 0.096787	-2.58265e-05
-0.371614 -0.308222	-1.18784
-0.41255 0.0922084	3.06655
0.0156063 -0.28838	0.854658
146.72
0.0107904 0.096787	-2.58265e-05
-0.373031 -0.309225	-1.20166
-0.411696 0.0920792	3.05976
0.0156063 -0.28838	0.854658
146.82
0.0107904 0.096787	-2.58265e-05
-0.372236 -0.308347	-1.21521
-0.411696 0.0920792	3.05976
0.0158911 -0.289841	0.836853
146.92
0.0107904 0.096787	-2.58265e-05
-0.372084 -0.308333	-1.17899
-0.411265 0.0921585	3.05769
0.0159144 -0.287882	0.83134
147.02
0.0107904 0.096787	-2.58265e-05
-0.371887 -0.308456	-1.24081
-0.411904 0.092504	3.03966
0.016081 -0.286638	0.823133
147.12
0.0107904 0.096787	-2.58265e-05
-0.371887 -0.308456	-1.24081
-0.413232 0.0924167	3.02156
0.016421 -0.284667	0.810963
147.22
0.0107904 0.096787	-2.58265e-05
-0.371887 -0.308456	-1.24081
-0.411892 0.0921807	3.02448
0.0165628 -0.283846	0.802949
147.321
0.0107904 0.096787	-2.58265e-05
-0.373423 -0.309842	-1.23771
-0.414283 0.0928012	3.00218
0.0165603 -0.28427	0.778285
147.42
0.0107904 0.096787	-2.58265e-05
-0.372589 -0.309497	-1.20936
-0.41392 0.092745	2.99127
0.0165603 -0.28427	0.778285
147.52
0.0107904 0.096787	-2.58265e-05
-0.372589 -0.309497	-1.20936
-0.41392 0.092745	2.99127
0.0165603 -0.28427	0.778285
147.62
0.0107904 0.096787	-2.58265e-05
-0.374043 -0.311359	-1.28167
-0.41467 0.0932709	2.97243
0.017514 -0.289781	0.789741
147.72
0.0107904 0.096787	-2.58265e-05
-0.374043 -0.311359	-1.28167
-0.411441 0.0928631	2.96655
0.017514 -0.289781	0.789741
147.82
0.0107904 0.096787	-2.58265e-05
-0.373747 -0.311223	-1.28974
-0.413306 0.0933621	2.93808
0.017957 -0.287379	0.770517
147.92
0.0107904 0.096787	-2.58265e-05
-0.373293 -0.310949	-1.29237
-0.413306 0.0933621	2.93808
0.017957 -0.287379	0.770517
148.02
0.0107904 0.096787	-2.58265e-05
-0.373293 -0.310949	-1.29237
-0.412661 0.093477	2.94351
0.0184748 -0.287347	0.736404
148.121
0.0107904 0.096787	-2.58265e-05
-0.373293 -0.310949	-1.29237
-0.413366 0.0938481	2.92973
0.0185784 -0.287763	0.74086
148.22
0.0107904 0.096787	-2.58265e-05
-0.374259 -0.311723	-1.24467
-0.41377 0.0938773	2.89352
0.0185784 -0.287763	0.74086
148.32
0.0107904 0.096787	-2.58265e-05
-0.374033 -0.312007	-1.30942
-0.413527 0.0941555	2.87687
0.0184979 -0.287366	0.758647
148.42
0.0107904 0.096787	-2.58265e-05
-0.375434 -0.313319	-1.30745
-0.413527 0.0941555	2.87687
0.0184979 -0.287366	0.758647
148.52
0.0107904 0.096787	-2.58265e-05
-0.375434 -0.313319	-1.30745
-0.412686 0.0942435	2.90054
0.0188229 -0.287213	0.752883
148.62
0.0107904 0.096787	-2.58265e-05
-0.373674 -0.312432	-1.26995
-0.413365 0.0944842	2.87776
0.0191824 -0.288381	0.753216
148.72
0.0107904 0.096787	-2.58265e-05
-0.373367 -0.312473	-1.27447
-0.413615 0.0945124	2.8544
0.0197552 -0.291406	0.734177
148.82
0.0107904 0.096787	-2.58265e-05
-0.37405 -0.313036	-1.32626
-0.413567 0.0943795	2.85543
0.0197552 -0.291406	0.734177
148.92
0.0107904 0.096787	-2.58265e-05
-0.37405 -0.313036	-1.32626
-0.413567 0.0943795	2.85543
0.0195413 -0.287112	0.734942
149.021
0.0107904 0.096787	-2.58265e-05
-0.374411 -0.313462	-1.33045
-0.415316 0.0948175	2.83025
0.0198522 -0.288136	0.692109
149.121
0.0107904 0.096787	-2.58265e-05
-0.374411 -0.313462	-1.33045
-0.414199 0.0953121	2.82643
0.0198522 -0.288136	0.692109
149.222
0.0107904 0.096787	-2.58265e-05
-0.372457 -0.312081	-1.351
-0.414866 0.0953545	2.80812
0.0199382 -0.288256	0.691297
149.321
0.0107904 0.096787	-2.58265e-05
-0.373403 -0.313421	-1.36755
-0.413027 0.0950514	2.79934
0.0199382 -0.288256	0.691297
149.42
0.0107904 0.096787	-2.58265e-05
-0.373762 -0.313574	-1.37027
-0.41472 0.0954956	2.76798
0.0199382 -0.288256	0.691297
149.52
0.0107904 0.096787	-2.58265e-05
-0.373762 -0.313574	-1.37027
-0.41472 0.0954956	2.76798
0.0204008 -0.2879	0.680675
149.62
0.0107904 0.096787	-2.58265e-05
-0.373096 -0.312989	-1.39691
-0.413566 0.0953519	2.78445
0.0206468 -0.287814	0.673311
149.72
0.0107904 0.096787	-2.58265e-05
-0.375623 -0.315322	-1.39297
-0.412827 0.0953775	2.77808
0.0206468 -0.287814	0.673311
149.82
0.0107904 0.096787	-2.58265e-05
-0.375425 -0.315695	-1.40542
-0.411388 0.0950976	2.77687
0.0210999 -0.288958	0.658333
149.92
0.0107904 0.096787	-2.58265e-05
-0.375149 -0.315292	-1.35936
-0.411121 0.0952089	2.77043
0.0211395 -0.288342	0.641243
150.02
0.0107904 0.096787	-2.58265e-05
-0.377854 -0.317862	-1.37083
-0.411121 0.0952089	2.77043
0.0211395 -0.288342	0.641243
150.121
0.0107904 0.096787	-2.58265e-05
-0.377854 -0.317862	-1.37083
-0.412053 0.0955908	2.75201
0.0216326 -0.288419	0.625289
150.22
0.0107904 0.096787	-2.58265e-05
-0.376678 -0.317008	-1.37301
-0.414338 0.0962774	2.70156
0.0216076 -0.288262	0.61974
150.32
0.0107904 0.096787	-2.58265e-05
-0.376678 -0.317008	-1.37301
-0.410422 0.0956657	2.67615
0.0216076 -0.288262	0.61974
150.42
0.0107904 0.096787	-2.58265e-05
-0.375025 -0.315758	-1.37845
-0.412206 0.0961961	2.66555
0.0217692 -0.289016	0.618197
150.52
0.0107904 0.096787	-2.58265e-05
-0.375025 -0.315758	-1.37845
-0.412206 0.0961961	2.66555
0.0219073 -0.28741	0.613944
150.62
0.0107904 0.096787	-2.58265e-05
-0.374654 -0.315829	-1.44135
-0.413505 0.0967001	2.70356
0.0218705 -0.287355	0.622904
150.72
0.0107904 0.096787	-2.58265e-05
-0.374912 -0.315831	-1.3858
-0.415591 0.0971408	2.6691
0.0224989 -0.293289	0.602529
150.82
0.0107904 0.096787	-2.58265e-05
-0.374692 -0.316428	-1.44719
-0.414087 0.0969502	2.67928
0.0226662 -0.29445	0.603569
150.921
0.0107904 0.096787	-2.58265e-05
-0.375465 -0.316974	-1.45877
-0.413491 0.096829	2.67114
0.0226662 -0.29445	0.603569
151.021
0.0107904 0.096787	-2.58265e-05
-0.375571 -0.317352	-1.4605
-0.413491 0.096829	2.67114
0.0226598 -0.287668	0.571691
151.12
0.0107904 0.096787	-2.58265e-05
-0.375571 -0.317352	-1.4605
-0.412533 0.0969477	2.6724
0.0228043 -0.288241	0.569716
151.22
0.0107904 0.096787	-2.58265e-05
-0.37445 -0.316464	-1.41576
-0.41357 0.0968519	2.61917
0.0227976 -0.289037	0.566927
151.32
0.0107904 0.096787	-2.58265e-05
-0.372802 -0.315007	-1.43169
-0.41357 0.0968519	2.61917
0.0228043 -0.288241	0.569716
151.421
0.0107904 0.096787	-2.58265e-05
-0.372802 -0.315007	-1.43169
-0.41357 0.0968519	2.61917
0.0228043 -0.288241	0.569716
151.52
0.0107904 0.096787	-2.58265e-05
-0.376685 -0.318497	-1.50747
-0.412266 0.0970692	2.62947
0.0233458 -0.293391	0.573328
151.621
0.0107904 0.096787	-2.58265e-05
-0.377049 -0.318991	-1.53349
-0.41512 0.0978342	2.59957
0.0231269 -0.287858	0.577644
151.72
0.0107904 0.096787	-2.58265e-05
-0.377049 -0.318991	-1.53349
-0.412185 0.0973822	2.602
0.0231154 -0.288934	0.57283
151.82
0.0107904 0.096787	-2.58265e-05
-0.377575 -0.31955	-1.54591
-0.412185 0.0973822	2.602
0.0231154 -0.288934	0.57283
151.92
0.0107904 0.096787	-2.58265e-05
-0.377335 -0.319507	-1.55105
-0.413297 0.097642	2.59242
0.0235157 -0.287965	0.562556
152.02
0.0107904 0.096787	-2.58265e-05
-0.377335 -0.319507	-1.55105
-0.410304 0.0975457	2.59123
0.023607 -0.28811	0.567042
152.121
0.0107904 0.096787	-2.58265e-05
-0.376826 -0.319132	-1.55218
-0.414043 0.0983105	2.52952
0.0236556 -0.287101	0.568444
152.22
0.0107904 0.096787	-2.58265e-05
-0.377999 -0.320072	-1.54369
-0.413004 0.0982658	2.55064
0.0243528 -0.288451	0.55654
152.32
0.0107904 0.096787	-2.58265e-05
-0.376656 -0.319072	-1.55109
-0.413004 0.0982658	2.55064
0.0243528 -0.288451	0.55654
152.42
0.0107904 0.096787	-2.58265e-05
-0.375923 -0.318612	-1.55293
-0.412256 0.0982678	2.56052
0.0246962 -0.288473	0.551171
152.521
0.0107904 0.096787	-2.58265e-05
-0.374071 -0.317194	-1.49389
-0.412256 0.0982678	2.56052
0.0251398 -0.288867	0.538787
152.62
0.0107904 0.096787	-2.58265e-05
-0.374071 -0.317194	-1.49389
-0.414519 0.0989973	2.53413
0.0252783 -0.288165	0.549869
152.72
0.0107904 0.096787	-2.58265e-05
-0.374536 -0.317703	-1.49392
-0.413959 0.0993157	2.53808
0.0252783 -0.288165	0.549869
152.821
0.0107904 0.096787	-2.58265e-05
-0.374228 -0.317689	-1.49579
-0.413959 0.0993157	2.53808
0.0252783 -0.288165	0.549869
152.92
0.0107904 0.096787	-2.58265e-05
-0.374053 -0.317908	-1.57973
-0.409673 0.0980654	2.4827
0.0252783 -0.288165	0.549869
153.02
0.0107904 0.096787	-2.58265e-05
-0.37219 -0.316727	-1.5989
-0.411747 0.0987267	2.46597
0.0252783 -0.288165	0.549869
153.12
0.0107904 0.096787	-2.58265e-05
-0.371101 -0.315982	-1.61556
-0.412312 0.0991246	2.50422
0.0258141 -0.288177	0.524766
153.22
0.0107904 0.096787	-2.58265e-05
-0.371101 -0.315982	-1.61556
-0.40992 0.098431	2.50065
0.0265597 -0.293467	0.524615
153.32
0.0107904 0.096787	-2.58265e-05
-0.371372 -0.316069	-1.62299
-0.411506 0.0989832	2.48467
0.0263413 -0.287611	0.530056
153.42
0.0107904 0.096787	-2.58265e-05
-0.369725 -0.314757	-1.6378
-0.411506 0.0989832	2.48467
0.0263413 -0.287611	0.530056
153.52
0.0107904 0.096787	-2.58265e-05
-0.369725 -0.314757	-1.6378
-0.411139 0.0991933	2.49042
0.0267287 -0.286952	0.499319
153.621
0.0107904 0.096787	-2.58265e-05
-0.368993 -0.314122	-1.6551
-0.413257 0.099746	2.47286
0.0266882 -0.287553	0.497367
153.72
0.0107904 0.096787	-2.58265e-05
-0.376252 -0.319492	-1.56148
-0.412589 0.0995538	2.47057
0.0266882 -0.287553	0.497367
153.821
0.0107904 0.096787	-2.58265e-05
-0.376252 -0.319492	-1.56148
-0.411932 0.099593	2.4216
0.0269427 -0.287479	0.499128
153.92
0.0107904 0.096787	-2.58265e-05
-0.377411 -0.320684	-1.56623
-0.409714 0.0989999	2.39531
0.0281656 -0.29301	0.484871
154.02
0.0107904 0.096787	-2.58265e-05
-0.378946 -0.322365	-1.57217
-0.409714 0.0989999	2.39531
0.0281656 -0.29301	0.484871
154.12
0.0107904 0.096787	-2.58265e-05
-0.378946 -0.322365	-1.57217
-0.410487 0.0993584	2.38461
0.0278185 -0.287939	0.501666
154.22
0.0107904 0.096787	-2.58265e-05
-0.378946 -0.322365	-1.57217
-0.410487 0.0993584	2.38461
0.0281627 -0.288408	0.452911
154.32
0.0107904 0.096787	-2.58265e-05
-0.378946 -0.322365	-1.57217
-0.414665 0.100479	2.35792
0.0281627 -0.288408	0.452911
154.421
0.0107904 0.096787	-2.58265e-05
-0.377812 -0.32113	-1.56849
-0.414665 0.100479	2.35792
0.0281627 -0.288408	0.452911
154.52
0.0107904 0.096787	-2.58265e-05
-0.376252 -0.319492	-1.56148
-0.414562 0.100553	2.35599
0.0281627 -0.288408	0.452911
154.62
0.0107904 0.096787	-2.58265e-05
-0.376252 -0.319492	-1.56148
-0.413935 0.100609	2.35191
0.0281911 -0.287814	0.457231
154.72
0.0107904 0.096787	-2.58265e-05
-0.376252 -0.319492	-1.56148
-0.411341 0.100424	2.33787
0.0287586 -0.291606	0.455547
154.82
0.0107904 0.096787	-2.58265e-05
-0.376252 -0.319492	-1.56148
-0.411341 0.100424	2.33787
0.0285032 -0.288833	0.425152
154.921
0.0107904 0.096787	-2.58265e-05
-0.375252 -0.318987	-1.66207
-0.404793 0.0996733	2.41373
0.0285032 -0.288833	0.425152
155.02
0.0107904 0.096787	-2.58265e-05
-0.375252 -0.318987	-1.66207
-0.408363 0.100345	2.31721
0.0291192 -0.292268	0.414542
155.12
0.0107904 0.096787	-2.58265e-05
-0.378281 -0.32263	-1.60652
-0.410682 0.101141	2.34956
0.0287531 -0.288329	0.41449
155.22
0.0107904 0.096787	-2.58265e-05
-0.396581 -0.338713	-1.62705
-0.411019 0.101297	2.34561
0.0289262 -0.288933	0.414043
155.32
0.0107904 0.096787	-2.58265e-05
-0.376508 -0.322574	-1.71222
-0.411019 0.101297	2.34561
0.0289262 -0.288933	0.414043
155.42
0.0107904 0.096787	-2.58265e-05
-0.376956 -0.323159	-1.71095
-0.411645 0.101557	2.34658
0.0289332 -0.288779	0.414919
155.52
0.0107904 0.096787	-2.58265e-05
-0.376956 -0.323159	-1.71095
-0.411645 0.101557	2.34658
0.0289787 -0.288988	0.414758
155.62
0.0107904 0.096787	-2.58265e-05
-0.376956 -0.323159	-1.71095
-0.410385 0.101522	2.34918
0.0295439 -0.288487	0.396565
155.72
0.0107904 0.096787	-2.58265e-05
-0.376956 -0.323159	-1.71095
-0.41237 0.102166	2.29432
0.029701 -0.287988	0.396406
155.82
0.0107904 0.096787	-2.58265e-05
-0.378616 -0.324073	-1.69903
-0.412605 0.102348	2.28708
0.029701 -0.287988	0.396406
155.921
0.0107904 0.096787	-2.58265e-05
-0.382003 -0.326191	-1.67108
-0.412605 0.102348	2.28708
0.030244 -0.288918	0.388174
156.02
0.0107904 0.096787	-2.58265e-05
-0.382003 -0.326191	-1.67108
-0.412945 0.102919	2.26377
0.0302466 -0.28806	0.376984
156.12
0.0107904 0.096787	-2.58265e-05
-0.3795 -0.323692	-1.66588
-0.411733 0.102729	2.30506
0.0306244 -0.289264	0.367666
156.22
0.0107904 0.096787	-2.58265e-05
-0.378946 -0.322365	-1.57217
-0.412459 0.102983	2.29743
0.0306244 -0.289264	0.367666
156.32
0.0107904 0.096787	-2.58265e-05
-0.37902 -0.322217	-1.59235
-0.412459 0.102983	2.29743
0.0307096 -0.289023	0.342012
156.42
0.0107904 0.096787	-2.58265e-05
-0.375249 -0.318147	-1.62522
-0.413352 0.103245	2.27831
0.0321427 -0.29698	0.330092
156.52
0.0107904 0.096787	-2.58265e-05
-0.379325 -0.319716	-1.68615
-0.414486 0.103535	2.27003
0.0321427 -0.29698	0.330092
156.62
0.0107904 0.096787	-2.58265e-05
-0.379325 -0.319716	-1.68615
-0.412035 0.103295	2.25713
0.031378 -0.290639	0.3272
156.72
0.0107904 0.096787	-2.58265e-05
-0.379135 -0.318334	-1.58516
-0.413676 0.103827	2.24184
0.0321427 -0.29698	0.330092
156.82
0.0107904 0.096787	-2.58265e-05
-0.378029 -0.317318	-1.57926
-0.413685 0.103775	2.22318
0.0321427 -0.29698	0.330092
156.921
0.0107904 0.096787	-2.58265e-05
-0.377805 -0.317237	-1.58055
-0.413685 0.103775	2.22318
0.0321427 -0.29698	0.330092
157.02
0.0107904 0.096787	-2.58265e-05
-0.386425 -0.322189	-1.59938
-0.414392 0.104323	2.21394
0.0321427 -0.29698	0.330092
157.121
0.0107904 0.096787	-2.58265e-05
-0.386425 -0.322189	-1.59938
-0.415932 0.104792	2.20708
0.0321427 -0.29698	0.330092
157.22
0.0107904 0.096787	-2.58265e-05
-0.376047 -0.310139	-1.56171
-0.416235 0.105094	2.16131
0.0321427 -0.29698	0.330092
157.324
0.0107904 0.096787	-2.58265e-05
-0.376047 -0.310139	-1.56171
-0.413831 0.104485	2.15759
0.0321427 -0.29698	0.330092
157.422
0.0107904 0.096787	-2.58265e-05
-0.376047 -0.310139	-1.56171
-0.413831 0.104485	2.15759
0.0318347 -0.288979	0.338287
157.52
0.0107904 0.096787	-2.58265e-05
-0.376047 -0.310139	-1.56171
-0.417801 0.10594	2.17795
0.0318347 -0.288979	0.338287
157.62
0.0107904 0.096787	-2.58265e-05
-0.375944 -0.305467	-1.56183
-0.413332 0.104788	2.1235
0.0323191 -0.289377	0.342725
157.721
0.0107904 0.096787	-2.58265e-05
-0.375944 -0.305467	-1.56183
-0.416811 0.105939	2.11429
0.0324742 -0.288157	0.351249
157.82
0.0107904 0.096787	-2.58265e-05
-0.365491 -0.298244	-1.64934
-0.416203 0.105875	2.1148
0.0326233 -0.288602	0.357276
157.92
0.0107904 0.096787	-2.58265e-05
-0.367955 -0.300086	-1.63195
-0.416203 0.105875	2.1148
0.0326233 -0.288602	0.357276
158.02
0.0107904 0.096787	-2.58265e-05
-0.367955 -0.300086	-1.63195
-0.413093 0.105313	2.15399
0.0325368 -0.288368	0.358032
158.12
0.0107904 0.096787	-2.58265e-05
-0.374035 -0.304486	-1.60021
-0.413093 0.105313	2.15399
0.0326581 -0.287919	0.357812
158.22
0.0107904 0.096787	-2.58265e-05
-0.375457 -0.305272	-1.57926
-0.413506 0.105777	2.14484
0.03323 -0.289	0.340808
158.32
0.0107904 0.096787	-2.58265e-05
-0.376369 -0.305405	-1.50183
-0.414394 0.106199	2.09112
0.0331562 -0.288766	0.341023
158.42
0.0107904 0.096787	-2.58265e-05
-0.375038 -0.304157	-1.49686
-0.414394 0.106199	2.09112
0.0331562 -0.288766	0.341023
158.52
0.0107904 0.096787	-2.58265e-05
-0.375038 -0.304157	-1.49686
-0.414416 0.106479	2.13713
0.0333351 -0.286994	0.317893
158.62
0.0107904 0.096787	-2.58265e-05
-0.375038 -0.304157	-1.49686
-0.415689 0.106596	2.08343
0.0336339 -0.287733	0.320508
158.721
0.0107904 0.096787	-2.58265e-05
-0.374669 -0.30331	-1.5015
-0.414411 0.106594	2.07797
0.0337259 -0.288119	0.321004
158.821
0.0107904 0.096787	-2.58265e-05
-0.372774 -0.301052	-1.52107
-0.414411 0.106594	2.07797
0.0337259 -0.288119	0.321004
158.92
0.0107904 0.096787	-2.58265e-05
-0.372895 -0.300659	-1.51934
-0.421996 0.10872	2.06069
0.0346166 -0.289662	0.288821
159.02
0.0107904 0.096787	-2.58265e-05
-0.37255 -0.299471	-1.59694
-0.421996 0.10872	2.06069
0.0346166 -0.289662	0.288821
159.12
0.0107904 0.096787	-2.58265e-05
-0.37255 -0.299471	-1.59694
-0.421996 0.10872	2.06069
0.0346166 -0.289662	0.288821
159.22
0.0107904 0.096787	-2.58265e-05
-0.376044 -0.301356	-1.50204
-0.417159 0.107548	2.02782
0.0346166 -0.289662	0.288821
159.32
0.0107904 0.096787	-2.58265e-05
-0.374099 -0.299055	-1.49487
-0.415019 0.107441	2.06239
0.0348533 -0.289661	0.284702
159.42
0.0107904 0.096787	-2.58265e-05
-0.376475 -0.300483	-1.54964
-0.415019 0.107441	2.06239
0.0348533 -0.289661	0.284702
159.52
0.0107904 0.096787	-2.58265e-05
-0.377445 -0.301031	-1.54412
-0.418357 0.108366	2.03593
0.0348533 -0.289661	0.284702
159.62
0.0107904 0.096787	-2.58265e-05
-0.377445 -0.301031	-1.54412
-0.4189 0.108707	2.02961
0.0352746 -0.289339	0.267102
159.72
0.0107904 0.096787	-2.58265e-05
-0.377445 -0.301031	-1.54412
-0.4189 0.108707	2.02961
0.0352007 -0.289036	0.268917
159.82
0.0107904 0.096787	-2.58265e-05
-0.377406 -0.300934	-1.53933
-0.4189 0.108707	2.02961
0.0357835 -0.28941	0.256599
159.92
0.0107904 0.096787	-2.58265e-05
-0.377406 -0.300934	-1.53933
-0.418159 0.108615	2.02979
0.0357835 -0.28941	0.256599
160.021
0.0107904 0.096787	-2.58265e-05
-0.377406 -0.300934	-1.53933
-0.418159 0.108615	2.02979
0.0360357 -0.288687	0.247139
160.121
0.0107904 0.096787	-2.58265e-05
-0.378098 -0.301186	-1.54321
-0.415548 0.108331	2.03554
0.0364979 -0.290702	0.234742
160.22
0.0107904 0.096787	-2.58265e-05
-0.378098 -0.301186	-1.54321
-0.415784 0.108473	1.97016
0.0363581 -0.289399	0.217163
160.32
0.0107904 0.096787	-2.58265e-05
-0.377556 -0.300376	-1.52645
-0.415784 0.108473	1.97016
0.0363581 -0.289399	0.217163
160.42
0.0107904 0.096787	-2.58265e-05
-0.377502 -0.300215	-1.52198
-0.415729 0.108648	1.94963
0.0364167 -0.288752	0.212554
160.521
0.0107904 0.096787	-2.58265e-05
-0.377502 -0.300215	-1.52198
-0.415729 0.108648	1.94963
0.0369539 -0.290266	0.192826
160.62
0.0107904 0.096787	-2.58265e-05
-0.376421 -0.298869	-1.50579
-0.414994 0.108399	1.94991
0.0368683 -0.289379	0.199617
160.72
0.0107904 0.096787	-2.58265e-05
-0.374344 -0.296689	-1.49775
-0.417647 0.109424	1.93407
0.0370294 -0.289121	0.19695
160.82
0.0107904 0.096787	-2.58265e-05
-0.375729 -0.297627	-1.47888
-0.4158 0.109237	1.93886
0.0371205 -0.288541	0.190308
160.921
0.0107904 0.096787	-2.58265e-05
-0.374403 -0.296568	-1.48059
-0.4158 0.109237	1.93886
0.0371466 -0.288656	0.19046
161.02
0.0107904 0.096787	-2.58265e-05
-0.375705 -0.297022	-1.40513
-0.417377 0.109908	1.91421
0.0371466 -0.288656	0.19046
161.121
0.0107904 0.096787	-2.58265e-05
-0.375705 -0.297022	-1.40513
-0.415497 0.10962	1.91059
0.0374931 -0.290151	0.182649
161.22
0.0107904 0.096787	-2.58265e-05
-0.374996 -0.296239	-1.39294
-0.416616 0.110595	1.92997
0.0377256 -0.289434	0.17061
161.321
0.0107904 0.096787	-2.58265e-05
-0.377102 -0.297658	-1.42662
-0.416616 0.110595	1.92997
0.0380291 -0.28944	0.15849
161.42
0.0107904 0.096787	-2.58265e-05
-0.37623 -0.297169	-1.36355
-0.418806 0.111147	1.9206
0.0380291 -0.28944	0.15849
161.52
0.0107904 0.096787	-2.58265e-05
-0.376156 -0.296649	-1.35572
-0.415671 0.110551	1.91061
0.0382981 -0.291011	0.14651
161.62
0.0107904 0.096787	-2.58265e-05
-0.376156 -0.296649	-1.35572
-0.415481 0.110592	1.89396
0.0384124 -0.290993	0.132208
161.72
0.0107904 0.096787	-2.58265e-05
-0.373377 -0.294689	-1.40793
-0.414691 0.110632	1.88685
0.0384274 -0.291284	0.126787
161.82
0.0107904 0.096787	-2.58265e-05
-0.374681 -0.295381	-1.34722
-0.414691 0.110632	1.88685
0.0384681 -0.291322	0.120969
